Likes: 3632 Percent: 25.046548513895594
Ahah: 781 Percent: 5.385835459623474
Love: 802 Percent: 5.530653058409765
Wow: 127 Percent: 0.8758016688504242
Sigh: 117 Percent: 0.8068409075236191
Grrr: 279 Percent: 1.9240052410178607
Name: 153 Percent: 1.0550996483001172
Gender: 127 Percent: 0.8758016688504242
Birthday: 7 Percent: 0.04827253292876353
Current City: 70 Percent: 0.48272532928763534
Hometown: 66 Percent: 0.4551410247569133
Work: 40 Percent: 0.2758430453072202
Education: 59 Percent: 0.4068684918281498
Interested In: 1 Percent: 0.006896076132680504
